6, 100, 210, 900, "Hamburg"
8, 106, 230, 903, "Hannover"
4, 114, 240, 907, "Berlin"
8, 118, 250, 909, "Leipzig"
4, 126, 270, 913, "Nürnberg"
6, 130, 280, 915, "München"
3, 136, 300, 918, "Ulm"
4, 139, 310, 920, "Stuttgart"
11, 143, 320, 922, "Frankfurt"
4, 154, 340, 928, "Köln"
1, 158, 350, 930, "Bonn"
6, 159, 360, 931, "Essen"
3, 165, 370, 934, "Bochum"
1, 168, 380, 936, "Dortmund"
1, 169, 390, 937, "Düsseldorf"
1, 170, 400, 938, "Dresden"
1, 171, 410, 939, "Freiburg"
1, 172, 420, 940, "Wolfsburg"
1, 173, 430, 941, "Augsburg"
1, 174, 200, 942, "Kiel"
1, 175, 290, 943, "Landshut"
